"ACME_control" "ACME_treated" "ADE_control" "ADE_treated" "Prop_Mediated_control" "Prop_Mediated_treated" "ACME_average" "ADE_average" "Prop_Mediated_average"
"Fp1" 8.10410329197298e-05 8.10410329197298e-05 0.0108815632908847 0.0108815632908847 0.00591826197778008 0.00591826197778008 8.10410329197298e-05 0.0108815632908847 0.00591826197778008
"AF7" 0.000238957273744808 0.000238957273744808 0.0105792066752113 0.0105792066752113 0.019789937159399 0.019789937159399 0.000238957273744808 0.0105792066752113 0.019789937159399
"AF3" 4.2778483956354e-05 4.2778483956354e-05 0.0108557321645485 0.0108557321645485 0.00221877794355312 0.00221877794355313 4.2778483956354e-05 0.0108557321645485 0.00221877794355312
"F1" -6.49303065497329e-05 -6.49303065497329e-05 0.0108953502757824 0.0108953502757824 -0.00341550957881393 -0.00341550957881393 -6.49303065497329e-05 0.0108953502757824 -0.00341550957881393
"F3" 9.29202746990546e-06 9.29202746990545e-06 0.0110161318992936 0.0110161318992936 0.000901131176332806 0.000901131176332798 9.29202746990546e-06 0.0110161318992936 0.000901131176332802
"F5" -0.000154990548389072 -0.000154990548389072 0.0120558302593192 0.0120558302593192 -0.0104154898329868 -0.0104154898329868 -0.000154990548389072 0.0120558302593192 -0.0104154898329868
"F7" 3.35128717198799e-05 3.35128717198799e-05 0.0106430298219772 0.0106430298219772 0.00210808114285144 0.00210808114285144 3.35128717198799e-05 0.0106430298219772 0.00210808114285144
"FT7" 2.29871396914211e-05 2.29871396914212e-05 0.0109046410762294 0.0109046410762294 0.000424249023047276 0.000424249023047268 2.29871396914211e-05 0.0109046410762294 0.000424249023047272
"FC5" -1.58184700536535e-05 -1.58184700536535e-05 0.011185310509871 0.011185310509871 -0.000774969578228992 -0.000774969578228992 -1.58184700536535e-05 0.011185310509871 -0.000774969578228992
"FC3" -4.70014921198711e-05 -4.70014921198711e-05 0.0115473266309281 0.0115473266309281 -0.00308488962486913 -0.00308488962486913 -4.70014921198711e-05 0.0115473266309281 -0.00308488962486913
"FC1" -0.000105523541838183 -0.000105523541838183 0.0114570958746319 0.0114570958746319 -0.00829369549328846 -0.00829369549328844 -0.000105523541838183 0.0114570958746319 -0.00829369549328845
"C1" -7.281455348363e-05 -7.281455348363e-05 0.0109782402628725 0.0109782402628725 -0.00646216948987571 -0.00646216948987571 -7.281455348363e-05 0.0109782402628725 -0.00646216948987571
"C3" 1.38623280994615e-05 1.38623280994615e-05 0.0113561003950799 0.0113561003950799 0.000785608216618853 0.000785608216618881 1.38623280994615e-05 0.0113561003950799 0.000785608216618867
"C5" -1.13546104863014e-05 -1.13546104863014e-05 0.0109311778150857 0.0109311778150857 -0.000320201479481863 -0.000320201479481863 -1.13546104863014e-05 0.0109311778150857 -0.000320201479481863
"T7" -0.000339819589835686 -0.000339819589835686 0.0113984062441214 0.0113984062441214 -0.0299033403192347 -0.0299033403192347 -0.000339819589835686 0.0113984062441214 -0.0299033403192347
"TP7" -3.79844921304537e-05 -3.79844921304537e-05 0.0107161902306769 0.0107161902306769 -0.00210799451576333 -0.00210799451576333 -3.79844921304537e-05 0.0107161902306769 -0.00210799451576333
"CP5" -4.84641996022356e-06 -4.84641996022358e-06 0.0109035343020119 0.0109035343020119 -1.69609517846555e-06 -1.69609517845687e-06 -4.84641996022357e-06 0.0109035343020119 -1.69609517846121e-06
"CP3" 1.93200979738167e-05 1.93200979738167e-05 0.0110704667914402 0.0110704667914402 0.000554071093414044 0.000554071093414116 1.93200979738167e-05 0.0110704667914402 0.00055407109341408
"CP1" 0.000255124709783474 0.000255124709783474 0.0107465514778532 0.0107465514778532 0.0206890939150794 0.0206890939150794 0.000255124709783474 0.0107465514778532 0.0206890939150794
"P1" -9.18324515966323e-06 -9.18324515966321e-06 0.0108961940779333 0.0108961940779333 -0.000691842598527818 -0.000691842598527818 -9.18324515966322e-06 0.0108961940779333 -0.000691842598527818
"P3" -2.51266036251269e-05 -2.5126603625127e-05 0.0111109431347588 0.0111109431347588 -0.000577753712696781 -0.000577753712696781 -2.51266036251269e-05 0.0111109431347588 -0.000577753712696781
"P5" -2.80442600140637e-05 -2.80442600140637e-05 0.0111564205142777 0.0111564205142777 -0.00130671528604698 -0.00130671528604702 -2.80442600140637e-05 0.0111564205142777 -0.001306715286047
"P7" 1.23760619096296e-06 1.23760619096294e-06 0.0109166714491293 0.0109166714491293 0.000217236075604503 0.000217236075604503 1.23760619096295e-06 0.0109166714491293 0.000217236075604503
"P9" 0.00012713944651668 0.00012713944651668 0.0108659211546081 0.0108659211546081 0.0103113541268306 0.0103113541268306 0.00012713944651668 0.0108659211546081 0.0103113541268306
"PO7" -2.77661988601734e-05 -2.77661988601735e-05 0.0111688632331504 0.0111688632331504 -0.00117493086308274 -0.00117493086308271 -2.77661988601734e-05 0.0111688632331504 -0.00117493086308273
"PO3" -1.78023515497366e-05 -1.78023515497366e-05 0.0112911053556857 0.0112911053556857 -0.000914813237780075 -0.000914813237780062 -1.78023515497366e-05 0.0112911053556857 -0.000914813237780069
"O1" -0.00017664430117437 -0.00017664430117437 0.0117952131372743 0.0117952131372743 -0.0130596171135113 -0.0130596171135113 -0.00017664430117437 0.0117952131372743 -0.0130596171135113
"Iz" -1.86793295764551e-05 -1.86793295764551e-05 0.0109408494968393 0.0109408494968393 -0.000184518632515532 -0.000184518632515532 -1.86793295764551e-05 0.0109408494968393 -0.000184518632515532
"Oz" 3.39868242519798e-06 3.39868242519794e-06 0.0112149349971235 0.0112149349971235 1.63838333447652e-05 1.63838333447652e-05 3.39868242519796e-06 0.0112149349971235 1.63838333447652e-05
"POz" 7.37109598827671e-06 7.37109598827667e-06 0.0109642634478887 0.0109642634478887 9.96330142739178e-06 9.96330142739178e-06 7.37109598827669e-06 0.0109642634478887 9.96330142739178e-06
"Pz" 6.58092273575028e-05 6.58092273575029e-05 0.0117794644340487 0.0117794644340487 0.00365264529500646 0.00365264529500644 6.58092273575029e-05 0.0117794644340487 0.00365264529500645
"CPz" 2.447687683941e-05 2.44768768394101e-05 0.0109103455642716 0.0109103455642716 0.0036395714918491 0.0036395714918491 2.447687683941e-05 0.0109103455642716 0.0036395714918491
"Fpz" 0.000143655844202659 0.000143655844202659 0.0104524834454766 0.0104524834454767 0.0141136176889049 0.0141136176889049 0.000143655844202659 0.0104524834454767 0.0141136176889049
"Fp2" 0.000116488211873068 0.000116488211873068 0.0108365920994825 0.0108365920994825 0.00890616412074624 0.00890616412074624 0.000116488211873068 0.0108365920994825 0.00890616412074624
"AF8" -3.70666338334431e-05 -3.7066633833443e-05 0.0115459189281092 0.0115459189281092 -0.00192242102982164 -0.00192242102982164 -3.7066633833443e-05 0.0115459189281092 -0.00192242102982164
"AF4" 3.43809327135672e-06 3.43809327135673e-06 0.0109848097592792 0.0109848097592792 2.39543023481383e-06 2.39543023481383e-06 3.43809327135673e-06 0.0109848097592792 2.39543023481383e-06
"AFz" 2.65685032458508e-05 2.65685032458508e-05 0.0106653939679565 0.0106653939679565 0.000717554950791492 0.000717554950791492 2.65685032458508e-05 0.0106653939679565 0.000717554950791492
"Fz" -6.27525966221992e-05 -6.27525966221992e-05 0.0109294280185891 0.0109294280185891 -0.00471498629446655 -0.00471498629446655 -6.27525966221992e-05 0.0109294280185891 -0.00471498629446655
"F2" -0.000157441430141363 -0.000157441430141363 0.011204330314351 0.011204330314351 -0.0141984813513499 -0.0141984813513499 -0.000157441430141363 0.011204330314351 -0.0141984813513499
"F4" -7.2811138846449e-05 -7.28111388464491e-05 0.0109890851738691 0.0109890851738691 -0.00424122415717173 -0.00424122415717173 -7.2811138846449e-05 0.0109890851738691 -0.00424122415717173
"F6" -0.000114192664855567 -0.000114192664855567 0.0112619430160004 0.0112619430160004 -0.0113242510022051 -0.0113242510022051 -0.000114192664855567 0.0112619430160004 -0.0113242510022051
"F8" -1.48593986857989e-05 -1.4859398685799e-05 0.0107617943903275 0.0107617943903275 -0.000271812652593564 -0.000271812652593585 -1.48593986857989e-05 0.0107617943903275 -0.000271812652593574
"FT8" -8.77273825736435e-06 -8.77273825736431e-06 0.0112930571333199 0.0112930571333199 -0.000208943332718321 -0.000208943332718321 -8.77273825736433e-06 0.0112930571333199 -0.000208943332718321
"FC6" 3.20215177938231e-05 3.20215177938231e-05 0.010203173534526 0.010203173534526 0.00156661893870357 0.00156661893870357 3.20215177938231e-05 0.010203173534526 0.00156661893870357
"FC4" -2.60119039479929e-05 -2.60119039479929e-05 0.0115994343030028 0.0115994343030028 -0.00172121863826197 -0.00172121863826197 -2.60119039479929e-05 0.0115994343030028 -0.00172121863826197
"FC2" -9.17572903290584e-05 -9.17572903290584e-05 0.0109950155079349 0.0109950155079349 -0.00371310924653573 -0.00371310924653573 -9.17572903290584e-05 0.0109950155079349 -0.00371310924653573
"FCz" -6.68019376011263e-05 -6.68019376011263e-05 0.011433782029393 0.011433782029393 -0.00695807446916959 -0.00695807446916959 -6.68019376011263e-05 0.011433782029393 -0.00695807446916959
"Cz" -0.000206393785551818 -0.000206393785551818 0.011062929286569 0.011062929286569 -0.0190299793751876 -0.0190299793751877 -0.000206393785551818 0.011062929286569 -0.0190299793751876
"C2" -4.35771569462625e-05 -4.35771569462626e-05 0.010921540805023 0.010921540805023 -0.00367358550750657 -0.00367358550750643 -4.35771569462626e-05 0.010921540805023 -0.0036735855075065
"C4" 7.36449549698513e-05 7.36449549698513e-05 0.0112957181497769 0.0112957181497769 0.00454553842944979 0.00454553842944979 7.36449549698513e-05 0.0112957181497769 0.00454553842944979
"C6" -3.27000262964512e-05 -3.27000262964512e-05 0.011031107064284 0.011031107064284 -0.00124841607532642 -0.00124841607532642 -3.27000262964512e-05 0.011031107064284 -0.00124841607532642
"T8" 3.84786639791245e-05 3.84786639791245e-05 0.0108652599369881 0.0108652599369881 0.00258970659593324 0.00258970659593324 3.84786639791245e-05 0.0108652599369881 0.00258970659593324
"TP8" -4.74401192863348e-05 -4.74401192863347e-05 0.0110212303309491 0.0110212303309491 -0.00240619975315613 -0.00240619975315606 -4.74401192863347e-05 0.0110212303309491 -0.0024061997531561
"CP6" -3.90083578030672e-05 -3.90083578030672e-05 0.0111446146702015 0.0111446146702015 -0.00315284378209663 -0.00315284378209663 -3.90083578030672e-05 0.0111446146702015 -0.00315284378209663
"CP4" 5.98644114491523e-05 5.98644114491523e-05 0.0108246136806277 0.0108246136806277 0.00398375405322187 0.00398375405322194 5.98644114491523e-05 0.0108246136806277 0.00398375405322191
"CP2" 0.000119268630987728 0.000119268630987728 0.0110383024768009 0.0110383024768009 0.00942845464891119 0.00942845464891118 0.000119268630987728 0.0110383024768009 0.00942845464891119
"P2" -7.14694357142037e-05 -7.14694357142038e-05 0.0116169600851522 0.0116169600851522 -0.00654813120680876 -0.00654813120680866 -7.14694357142038e-05 0.0116169600851522 -0.00654813120680871
"P4" 0.000144058696866466 0.000144058696866466 0.0104423016373183 0.0104423016373183 0.0107443552233583 0.0107443552233583 0.000144058696866466 0.0104423016373183 0.0107443552233583
"P6" 7.01531800494802e-05 7.01531800494802e-05 0.0115195091286949 0.0115195091286949 0.00505930721775144 0.00505930721775152 7.01531800494802e-05 0.0115195091286949 0.00505930721775148
"P8" 7.81614695014368e-06 7.81614695014364e-06 0.0111424981380206 0.0111424981380206 6.57217488929616e-05 6.57217488929138e-05 7.81614695014366e-06 0.0111424981380206 6.57217488929377e-05
"P10" -2.43420135090777e-05 -2.43420135090777e-05 0.0108371571907169 0.0108371571907169 -0.00090230017768971 -0.00090230017768971 -2.43420135090777e-05 0.0108371571907169 -0.00090230017768971
"PO8" -2.78376926539395e-05 -2.78376926539396e-05 0.0108126256967892 0.0108126256967892 -0.0015726235937813 -0.0015726235937813 -2.78376926539396e-05 0.0108126256967892 -0.0015726235937813
"PO4" 0.000204987165876676 0.000204987165876676 0.0104871660363478 0.0104871660363478 0.0169305226449083 0.0169305226449083 0.000204987165876676 0.0104871660363478 0.0169305226449083
"O2" -1.73720228732424e-05 -1.73720228732424e-05 0.0104347162787597 0.0104347162787597 -0.000242896777315342 -0.000242896777315342 -1.73720228732424e-05 0.0104347162787597 -0.000242896777315342
