"ACME_control" "ACME_treated" "ADE_control" "ADE_treated" "Prop_Mediated_control" "Prop_Mediated_treated" "ACME_average" "ADE_average" "Prop_Mediated_average"
"Fp1" 0.000135802739717081 1.62800071019502e-05 0.0110755860998282 0.0109560633672131 0.00955043317327353 0.000441543701365194 7.60413734095158e-05 0.0110158247335206 0.00499598843731936
"AF7" 0.000355492158305964 9.27903731929816e-05 0.011155091383588 0.0108923895984751 0.0296475378372704 0.00639826686410577 0.000224141265749473 0.0110237404910316 0.0180229023506881
"AF3" 0.000177111512852485 -0.000102221140985454 0.0110454554452754 0.0107661227914375 0.0144735280724778 -0.00737442057445211 3.74451859335156e-05 0.0109057891183565 0.00354955374901282
"F1" 4.51425530452221e-05 -0.000200593752110958 0.0113919403174384 0.0111462040122822 0.00313927218981552 -0.0167061084043157 -7.77255995328679e-05 0.0112690721648603 -0.00678341810725007
"F3" 0.000193391446132687 -0.000221306250717877 0.0112712405894252 0.0108565428925746 0.015615850887132 -0.0176328316454087 -1.39574022925949e-05 0.0110638917409999 -0.00100849037913836
"F5" 0.000104464500660986 -0.000434016553255716 0.0113702400790813 0.0108317590251646 0.00757973774395926 -0.0370915349322532 -0.000164776026297365 0.0111009995521229 -0.014755898594147
"F7" 3.98156475053e-05 1.60511099055214e-05 0.0109546237553508 0.010930859217751 0.00176080372911224 0.000402091427409074 2.79333787054107e-05 0.0109427414865509 0.00108144757826066
"FT7" 2.7514358145262e-05 3.45934189825456e-05 0.0109453525598191 0.0109524316206564 0.00134763593806059 0.00189770338221847 3.10538885639038e-05 0.0109488920902377 0.00162266966013953
"FC5" 2.11511159297121e-05 -5.98740359480362e-05 0.0113557925132432 0.0112747673613655 0.000694894582091378 -0.00340582312130827 -1.93614600091621e-05 0.0113152799373044 -0.00135546426960845
"FC3" 2.13998809974917e-05 -0.000184760363799625 0.0111122951232518 0.0109061348784547 0.00132741911366465 -0.014926792352656 -8.16802414010669e-05 0.0110092150008533 -0.00679968661949568
"FC1" 9.37547834739267e-08 -0.000233117853497236 0.0113809379666607 0.0111477263583799 0.000106038697971072 -0.0189591016787793 -0.000116512049356881 0.0112643321625203 -0.00942653149040412
"C1" -4.71952997191899e-05 -6.56280034623972e-05 0.0110054355039573 0.0109870028002141 -0.00352627210141567 -0.0057050768265041 -5.64116515907936e-05 0.0109962191520857 -0.00461567446395989
"C3" 4.85636517821448e-05 -1.75905422665872e-05 0.011105485590463 0.0110393313964143 0.00387859052992898 -0.00103250791540513 1.54865547577788e-05 0.0110724084934386 0.00142304130726192
"C5" 1.03084624855348e-05 -4.18041750603884e-05 0.0111090618610763 0.0110569492235304 0.000284862803785487 -0.00240962912702304 -1.57478562874268e-05 0.0110830055423034 -0.00106238316161878
"T7" -0.000283739322964816 -0.000402459560727796 0.011269952460964 0.011151232223201 -0.0236418861474633 -0.0356312174504266 -0.000343099441846306 0.0112105923420825 -0.029636551798945
"TP7" -4.41487863941593e-06 -7.5234018732145e-05 0.0110167327023411 0.0109459135622484 1.20128754578991e-05 -0.00592191685340437 -3.98244486857805e-05 0.0109813231322947 -0.00295495198897324
"CP5" 6.36015531469642e-07 1.89191750460164e-06 0.0110283575185864 0.0110296134205596 3.50484164683053e-05 2.12013444365379e-05 1.26396651803564e-06 0.011028985469573 2.81248804524216e-05
"CP3" -7.19479695904946e-06 2.09290420295601e-05 0.0110425698062153 0.0110706936452039 -0.000482966314162381 0.00138475113069683 6.8671225352553e-06 0.0110566317257096 0.000450892408267227
"CP1" 0.000106384528256487 0.000489191661676072 0.0106351479905566 0.0110179551239762 0.0109216931471374 0.043456049034 0.00029778809496628 0.0108265515572664 0.0271888710905687
"P1" -3.74328446625216e-05 2.96791449099929e-05 0.0110245018440875 0.01109161383366 -0.00208400804139871 0.00127628305133648 -3.87684987626436e-06 0.0110580578388737 -0.000403862495031116
"P3" -0.000126023102342352 9.65874950464519e-05 0.0110787455497332 0.011301356147122 -0.00924858844421902 0.00646850089482134 -1.47178036479501e-05 0.0111900508484276 -0.00139004377469884
"P5" -9.89246805788548e-05 6.66463648804856e-05 0.0110007211786623 0.0111662922241217 -0.00691794880171371 0.00372675430921339 -1.61391578491846e-05 0.011083506701392 -0.00159559724625016
"P7" -1.45021419206038e-06 2.23162247891982e-06 0.0110393398865026 0.0110430217231736 -2.54822671711868e-05 -5.35577096509353e-06 3.9070414342972e-07 0.0110411808048381 -1.54190190681402e-05
"P9" -2.68827103383211e-05 0.000328579499238352 0.0105999429899532 0.0109554051995299 -0.0014961887281174 0.0290637511528112 0.000150848394450015 0.0107776740947415 0.0137837812123469
"PO7" -3.16655227053732e-05 -1.8635148094748e-05 0.0109672161682303 0.0109802465428409 -0.00128898484351758 -0.000522081147179202 -2.51503354000606e-05 0.0109737313555356 -0.000905532995348393
"PO3" -2.34214125814934e-05 -5.90374512580923e-06 0.0109666970924925 0.0109842147599482 -0.00126495499492442 -0.000244440348036629 -1.46625788536513e-05 0.0109754559262203 -0.000754697671480527
"O1" -0.000159469029289876 -0.000179036078589664 0.0111694621590889 0.0111498951097891 -0.0128060955426139 -0.013901191486028 -0.00016925255393977 0.011159678634439 -0.013353643514321
"Iz" 1.61787742730377e-05 -6.58105148536444e-05 0.0112457413704376 0.0111637520813109 0.000249290728317428 -0.00342134530601891 -2.48158702903033e-05 0.0112047467258743 -0.00158602728885074
"Oz" -6.7939476430257e-05 5.98264362123871e-05 0.011008550137139 0.0111363160497816 -0.00418076867558081 0.00396854854487909 -4.05652010893493e-06 0.0110724330934603 -0.000106110065350856
"POz" -3.91992789213863e-05 6.05381709576996e-05 0.0110898585040159 0.011189595953895 -0.00240651354732978 0.00398733160221266 1.06694460181566e-05 0.0111397272289554 0.000790409027441441
"Pz" 0.000216235164699115 -0.000159673727553496 0.0114879044365728 0.0111119955443202 0.0176167141924606 -0.0146515398378638 2.82807185728095e-05 0.0112999499904465 0.0014825871772984
"CPz" 0.000102244543794869 -0.000147891806035416 0.0111232214133101 0.0108730850634798 0.00942644569538836 -0.0130723483018109 -2.28236311202736e-05 0.0109981532383949 -0.00182295130321129
"Fpz" 0.00028872536344792 -0.000111571819425188 0.0110397397349866 0.0106394425521135 0.0243082865671044 -0.00901931278301986 8.85767720113658e-05 0.0108395911435501 0.00764448689204226
"Fp2" 3.71317744086249e-05 0.000276595942221319 0.0106840035294671 0.0109234676972798 0.00228526415407302 0.0237687251072827 0.000156863858314972 0.0108037356133734 0.0130269946306779
"AF8" 4.94799695545237e-05 -0.000158564877198813 0.0113965575197238 0.0111885126729704 0.00268984444901921 -0.0117078312844722 -5.45424538221446e-05 0.0112925350963471 -0.00450899341772652
"AF4" 7.22883084491987e-05 -8.69168613966518e-05 0.0110205756186605 0.0108613704488147 0.00438523827520819 -0.00545958036019347 -7.31427647372655e-06 0.0109409730337376 -0.000537171042492639
"AFz" 3.53407677387873e-05 5.80374124681444e-06 0.0110977009697699 0.0110681639432779 0.00205755445592417 0.000123946493102269 2.05722544928009e-05 0.0110829324565239 0.00109075047451322
"Fz" 1.61255533845088e-05 -0.000159116930288463 0.0110848450292807 0.0109096025456077 0.00101391869467983 -0.0126955833925224 -7.14956884519772e-05 0.0109972237874442 -0.0058408323489213
"F2" -9.45998204393569e-05 -0.000224691698087674 0.0112217136622213 0.0110916217845729 -0.00690868953779589 -0.0179609411156427 -0.000159645759263515 0.0111566677233971 -0.0124348153267193
"F4" 0.00016985260512312 -0.000374702311834111 0.0116070680460585 0.0110625131291013 0.0134594003741112 -0.031878142483255 -0.000102424853355495 0.0113347905875799 -0.00920937105457192
"F6" -7.56192158385286e-05 -0.000183892353364159 0.011194244450895 0.0110859713133693 -0.00461907874031297 -0.0146335640729679 -0.000129755784601344 0.0111401078821322 -0.00962632140664045
"F8" -5.16054716370239e-05 2.36195510913232e-05 0.0112179872022198 0.0112932122249481 -0.00311901053544218 0.00105505093244822 -1.39929602728503e-05 0.0112555997135839 -0.00103197980149698
"FT8" -6.39517238326614e-06 -1.38024105344108e-05 0.0108968701064874 0.0108894628683363 -0.000120034592360393 -0.000354805075433038 -1.00987914588385e-05 0.0108931664874119 -0.000237419833896715
"FC6" 3.69104799746446e-05 2.47878229512e-05 0.0111978036146576 0.0111856809576341 0.00168214910305235 0.000908469362834015 3.08491514629223e-05 0.0111917422861458 0.00129530923294318
"FC4" 8.02368977987621e-05 -0.000165668409633958 0.0111541405137219 0.0109082352062892 0.0055136858110611 -0.01284910737259 -4.27157559175979e-05 0.0110311878600056 -0.00366771078076447
"FC2" -0.000156317611861553 3.03438204299366e-05 0.0111630221365267 0.0113496835688182 -0.0125957072028877 0.00266231973713985 -6.29868957158081e-05 0.0112563528526724 -0.00496669373287391
"FCz" 8.26722236810566e-06 -0.000138606448677808 0.0111227971237558 0.0109759234527099 0.000905573543153185 -0.0111127259550944 -6.51696131548513e-05 0.0110493602882329 -0.0051035762059706
"Cz" -3.89079173327012e-05 -0.000456523983221854 0.0115430486366844 0.0111254325707952 -0.00311020423258035 -0.039502370533503 -0.000247715950277278 0.0113342406037398 -0.0213062873830417
"C2" 0.000117759137002883 -0.000257440679806809 0.0112746992570831 0.0108994994402734 0.0104640403128568 -0.0226692226670468 -6.98407714019632e-05 0.0110870993486783 -0.00610259117709501
"C4" 0.000114393923603879 5.11949548699584e-06 0.0109352818138774 0.0108260073857605 0.00820494758319587 0.00028055763126315 5.97567095454372e-05 0.0108806445998189 0.00424275260722951
"C6" -2.28871089445038e-05 -4.26166892257201e-05 0.011189931288146 0.0111702017078648 -0.00089917102415087 -0.00271991524486777 -3.2751899085112e-05 0.0111800664980054 -0.00180954313450932
"T8" 5.21213468395544e-05 4.40471873870557e-05 0.0109805061758719 0.0109724320164194 0.00326411318533495 0.0022030811481099 4.80842671133051e-05 0.0109764690961457 0.00273359716672242
"TP8" -9.34816285368422e-05 1.46533526698853e-05 0.011198620433884 0.0113067554150907 -0.00608661579558431 0.000868828600685497 -3.94141379334785e-05 0.0112526879244873 -0.00260889359744941
"CP6" -2.94891555102387e-05 -4.06639084871351e-05 0.0109889220372831 0.0109777472843062 -0.00157876149108182 -0.00253003052776234 -3.50765319986869e-05 0.0109833346607947 -0.00205439600942208
"CP4" 0.000135457723931017 -3.20902174415807e-05 0.0109237445774145 0.0107561966360419 0.0102639328372858 -0.00130809445732524 5.16837532447182e-05 0.0108399706067282 0.0044779191899803
"CP2" 0.000143391404225685 3.40400380396632e-05 0.0109873599323119 0.0108780085661259 0.0116334136607569 0.0027189037845182 8.87157211326742e-05 0.0109326842492189 0.00717615872263754
"P2" -6.96501740770284e-05 -3.5551796188112e-05 0.0111914998700003 0.0112255982478892 -0.0052037723072474 -0.00275461206645004 -5.26009851325702e-05 0.0112085490589448 -0.00397919218684872
"P4" 0.000201479387632835 5.40782763878485e-05 0.0110904673923312 0.0109430662810862 0.0160106030520991 0.00337246978197039 0.000127778832010342 0.0110167668367087 0.00969153641703472
"P6" 2.76545094637943e-05 0.000131428190681029 0.011065631462807 0.0111694051440242 0.00158922198654173 0.00943841558178092 7.95413500724117e-05 0.0111175183034156 0.00551381878416132
"P8" -1.78206749621855e-05 5.47192515455445e-05 0.0109087960167281 0.0109813359432359 -0.000934757190178043 0.00317201426645321 1.84492882916795e-05 0.010945065979982 0.00111862853813758
"P10" 2.72975458415223e-05 -7.21004511595721e-05 0.0112051463390035 0.0111057483420024 0.00130454239802452 -0.0045386236687913 -2.24014526590249e-05 0.011155447340503 -0.00161704063538339
"PO8" -0.000241346774729395 0.000151205245565907 0.0106905952400404 0.0110831472603357 -0.0203713983578498 0.0121788142257661 -4.50707645817438e-05 0.0108868712501881 -0.00409629206604185
"PO4" 0.00022266906470417 0.000139991122632479 0.0109744630727387 0.010891785130667 0.0179581683592913 0.0108734695901069 0.000181330093668325 0.0109331241017028 0.0144158189746991
"O2" -3.46625865508266e-05 8.16226174811588e-06 0.0111556382147071 0.0111984630630061 -0.00194235962311427 0.000305963982190314 -1.32501624013554e-05 0.0111770506388566 -0.000818197820461977
