"ACME_control" "ACME_treated" "ADE_control" "ADE_treated" "Prop_Mediated_control" "Prop_Mediated_treated" "ACME_average" "ADE_average" "Prop_Mediated_average"
"Fp1" 0.4418 0.6892 0.0304 0.0202 0.4566 0.6972 0.6082 0.0236 0.619
"AF7" 0.6974 0.9484 0.0322 0.038 0.7052 0.9466 0.8238 0.0324 0.8328
"AF3" 0.9108 0.9786 0.026 0.0252 0.9144 0.9754 0.933 0.0256 0.9378
"F1" 0.499 0.2348 0.0376 0.0236 0.5136 0.257 0.804 0.0294 0.8038
"F3" 0.997 0.9778 0.0266 0.0266 0.9966 0.977 0.9998 0.0264 0.9994
"F5" 0.5544 0.5994 0.0312 0.0348 0.568 0.6038 0.518 0.0326 0.5292
"F7" 0.3702 0.5616 0.0262 0.0462 0.3908 0.5794 0.5382 0.0348 0.5512
"FT7" 0.8548 0.8118 0.0302 0.0292 0.8602 0.8124 0.9968 0.0288 0.9982
"FC5" 0.3036 0.3502 0.0342 0.0424 0.3156 0.3586 0.2896 0.0366 0.3016
"FC3" 0.9128 0.8628 0.0226 0.025 0.9146 0.865 0.9924 0.0238 0.9938
"FC1" 0.8248 0.633 0.031 0.0302 0.8316 0.641 0.6596 0.0306 0.6676
"C1" 0.5734 0.464 0.0346 0.038 0.5846 0.4808 0.3906 0.0354 0.4098
"C3" 0.9402 0.7696 0.0284 0.0282 0.942 0.7706 0.8354 0.0276 0.8376
"C5" 0.9854 0.3774 0.0336 0.0308 0.9866 0.3922 0.6296 0.0312 0.6392
"T7" 0.6424 0.0586 0.0546 0.025 0.648 0.079 0.5882 0.0326 0.5982
"TP7" 0.8468 0.5748 0.0346 0.0342 0.8472 0.5836 0.97 0.0344 0.9756
"CP5" 0.5494 0.6576 0.0298 0.0242 0.5572 0.6662 0.751 0.0262 0.7532
"CP3" 0.6282 0.8258 0.0272 0.0288 0.6386 0.8278 0.6046 0.0284 0.6138
"CP1" 0.0282 0.4748 0.0424 0.0934 0.055 0.4896 0.029 0.0618 0.055
"P1" 0.4268 0.0232 0.017 0.0208 0.4358 0.0486 0.1892 0.0178 0.2066
"P3" 0.957 0.9494 0.0256 0.027 0.9562 0.947 0.9968 0.0246 0.9948
"P5" 0.1256 0.652 0.0348 0.0674 0.1532 0.6588 0.1224 0.0468 0.1492
"P7" 0.848 0.3558 0.0228 0.0302 0.852 0.3734 0.6166 0.0246 0.6274
"P9" 0.6208 0.0012 0.097 0.029 0.6346 0.0298 0.6554 0.043 0.6604
"PO7" 0.237 0.7078 0.029 0.0558 0.2606 0.7158 0.222 0.038 0.2456
"PO3" 0.5752 0.6274 0.0308 0.0486 0.5878 0.6324 0.4738 0.0386 0.4872
"O1" 0.955 0.9868 0.0258 0.025 0.9542 0.9856 0.968 0.0246 0.9664
"Oz" 0.563 0.7098 0.034 0.0604 0.5736 0.7104 0.4982 0.0404 0.5072
"POz" 0.7508 0.8364 0.0264 0.032 0.7602 0.8446 0.839 0.028 0.8436
"Pz" 0.9418 0.9272 0.024 0.025 0.9484 0.9318 0.924 0.0244 0.9294
"CPz" 0.9836 0.9936 0.023 0.024 0.9906 0.9998 0.9852 0.0224 0.9914
"Fpz" 0.2292 0.2684 0.0216 0.0132 0.2554 0.287 0.1066 0.0156 0.134
"Fp2" 0.7316 0.9414 0.0346 0.0226 0.7422 0.95 0.8318 0.0256 0.8336
"AF8" 0.5924 0.3332 0.0214 0.0224 0.6068 0.3532 0.3542 0.0212 0.3738
"AF4" 0.9924 0.3512 0.0182 0.0254 0.9964 0.3648 0.6332 0.022 0.646
"AFz" 0.7512 0.314 0.0312 0.0236 0.7572 0.3288 0.7198 0.027 0.7258
"Fz" 0.4972 0.3448 0.0306 0.0228 0.5086 0.361 0.9896 0.0256 0.9906
"F2" 0.9918 0.8872 0.0276 0.027 0.9898 0.8844 0.9054 0.0262 0.9042
"F4" 0.9058 0.4726 0.0292 0.0256 0.9054 0.4854 0.704 0.0272 0.712
"F6" 0.992 0.9982 0.026 0.025 0.9928 0.9998 0.9996 0.0246 0.9996
"F8" 0.9024 0.9782 0.0298 0.0306 0.9048 0.9806 0.9376 0.0308 0.9392
"FT8" 0.8416 0.8052 0.0276 0.032 0.845 0.813 0.9816 0.03 0.9794
"FC6" 0.6146 0.3624 0.0212 0.0248 0.6262 0.382 0.3794 0.0226 0.3962
"FC4" 0.8286 0.9842 0.0296 0.0308 0.8288 0.9844 0.8328 0.0298 0.8354
"FC2" 0.357 0.2658 0.0344 0.0342 0.37 0.2808 0.1576 0.0342 0.1766
"FCz" 0.5196 0.0312 0.0484 0.0372 0.5276 0.0552 0.0824 0.041 0.1052
"Cz" 0.2018 0.6722 0.0258 0.0576 0.226 0.6824 0.4242 0.0382 0.4436
"C2" 0.9942 0.3394 0.0368 0.0282 0.9856 0.3564 0.5868 0.0314 0.5934
"C4" 0.992 0.9906 0.0238 0.024 0.9896 0.9914 0.9958 0.0238 0.9942
"C6" 0.4704 0.4912 0.0348 0.0246 0.4884 0.5056 0.8294 0.0286 0.8374
"T8" 0.8294 0.5102 0.021 0.029 0.8322 0.5286 0.6566 0.0242 0.6722
"TP8" 0.761 0.604 0.0276 0.0256 0.763 0.6128 0.9034 0.0276 0.901
"CP6" 0.9436 0.4232 0.0328 0.0302 0.9488 0.4352 0.5898 0.0304 0.5998
"CP4" 0.4318 0.425 0.0344 0.0212 0.444 0.4416 0.9132 0.0256 0.9146
"CP2" 0.7282 0.7366 0.0262 0.0258 0.7354 0.739 0.6438 0.0258 0.6502
"P2" 0.8744 0.8684 0.0272 0.026 0.8838 0.8714 0.8248 0.0272 0.8326
"P4" 0.79 0.3346 0.0384 0.0336 0.7964 0.3534 0.469 0.035 0.483
"P6" 0.4634 0.1242 0.0474 0.0212 0.474 0.1456 0.991 0.029 0.9888
"P8" 0.415 0.0152 0.063 0.0686 0.435 0.0428 0.091 0.061 0.117
"P10" 0.6142 0.6686 0.0286 0.0274 0.6282 0.6698 0.5396 0.024 0.5524
"PO8" 0.1326 0.0554 0.0656 0.0078 0.1568 0.0792 0.517 0.0192 0.5344
"PO4" 0.8742 0.5748 0.0344 0.047 0.8746 0.5824 0.7018 0.0338 0.7058
"O2" 0.9856 0.1692 0.048 0.0442 0.9852 0.1872 0.5804 0.0378 0.5904
