"ACME_control" "ACME_treated" "ADE_control" "ADE_treated" "Prop_Mediated_control" "Prop_Mediated_treated" "ACME_average" "ADE_average" "Prop_Mediated_average"
"Fp1" -0.00128101494061455 0.000369937513097921 0.0202243723696818 0.0218753248233942 -0.0430460430110633 0.00927557876412298 -0.000455538713758313 0.021049848596538 -0.0168852321234702
"AF7" 0.000590471560457538 -9.68860905491257e-05 0.0206857644568172 0.0199984068058105 0.0248855593795126 -0.00404389968983986 0.000246792734954206 0.0203420856313138 0.0104208298448364
"AF3" -0.000116442134126606 2.51678222376545e-05 0.02046465333869 0.0206062632950543 -0.00131526006985749 0.000155286450909761 -4.56371559444756e-05 0.0205354583168722 -0.000579986809473865
"F1" -0.000625217371300138 0.000902323346000308 0.0196307751774768 0.0211583158947772 -0.0206078126418798 0.0351736422175507 0.000138552987350085 0.020394545536127 0.00728291478783549
"F3" -1.15803788818608e-06 2.09439795029869e-05 0.0204684880457212 0.0204905900631123 -2.23567410772971e-05 0.000224781690865989 9.8929708074004e-06 0.0204795390544168 0.000101212474894346
"F5" 0.000738318591398284 0.000521829703486233 0.0199416583890806 0.0197251695011685 0.0236465470166121 0.0159051300775412 0.000630074147442258 0.0198334139451245 0.0197758385470767
"F7" 0.00113639919445375 -0.000390218469464277 0.0208956429838405 0.0193690253199225 0.0428343241799673 -0.0107854759991293 0.000373090362494738 0.0201323341518815 0.016024424090419
"FT7" -0.000242458319190934 0.000239145656182261 0.0201873910337677 0.0206689950091409 -0.00677870258268799 0.00793280538155255 -1.65633150433666e-06 0.0204281930214543 0.000577051399432279
"FC5" 0.00144260470063883 0.000807449566440068 0.0195931571920312 0.0189580020578325 0.0591870590436449 0.0312022966883233 0.00112502713353945 0.0192755796249318 0.0451946778659841
"FC3" 8.13528550425623e-05 -0.000108902095440822 0.0207740824993762 0.0205838275488928 0.000962853316601474 -0.00147783574529822 -1.377462019913e-05 0.0206789550241345 -0.000257491214348375
"FC1" 0.000174738364700286 0.000282440873611782 0.0201807293725858 0.0202884318814973 0.00317608562549384 0.00768758756220349 0.000228589619156034 0.0202345806270415 0.00543183659384866
"C1" 0.000643714683601422 0.000557001497238471 0.019881166813158 0.019794453626795 0.0224778466233839 0.0204395520988451 0.000600358090419946 0.0198378102199765 0.0214586993611145
"C3" 6.38916020613285e-05 0.000149938486940615 0.0202595178795342 0.0203455647644135 0.000606079381594734 0.00297066814604381 0.000106915044500972 0.0203025413219739 0.00178837376381927
"C5" 1.53886016980359e-05 0.000645353031357624 0.0198707498592383 0.0205007142888979 0.000207700160924221 0.0235302437492263 0.00033037081652783 0.0201857320740681 0.0118689719550753
"T7" -0.00129217746671727 0.00300669370301259 0.0175703791272891 0.021869250297019 -0.055665535638549 0.138127086496311 0.000857258118147664 0.0197198147121541 0.0412307754288807
"TP7" -0.000303504793433822 0.000364628737352102 0.0200913200618658 0.0207594535926517 -0.00591873745677573 0.0106463242626086 3.05619719591398e-05 0.0204253868272588 0.00236379340291645
"CP5" -0.00078396390533775 0.00032719323506428 0.0203429141515444 0.0214540712919465 -0.025938549330434 0.00990679842140077 -0.000228385335136735 0.0208984927217455 -0.0080158754545166
"CP3" 0.000458840880653417 0.000123729134094323 0.0205300892113338 0.0201949774647747 0.0120661924364092 0.00186947003986144 0.00029128500737387 0.0203625333380543 0.00696783123813529
"CP1" 0.00446631302604453 0.00106020522261293 0.0194810471125437 0.0160749393091121 0.205042209698932 0.0469869063269686 0.00276325912432873 0.0177779932108279 0.12601455801295
"P1" -0.00224803451833365 -0.00161336016910709 0.0222502092065876 0.0228848835558142 -0.0872711609438209 -0.0745235067236352 -0.00193069734372037 0.0225675463812009 -0.080897333833728
"P3" -6.73097235087573e-05 7.24069233387914e-05 0.0203332932511855 0.0204730098980331 -0.000968764075230263 0.00149237233106311 2.54859991501702e-06 0.0204031515746093 0.000261804127916421
"P5" 0.00271048327097289 0.000351780541426401 0.020077223688992 0.0177185209594455 0.113794857549049 0.0116061703730698 0.00153113190619964 0.0188978723242187 0.0627005139610595
"P7" -0.000478759023557593 -0.00079537632391278 0.0213315104660433 0.0210148931656881 -0.0157211063392006 -0.0317132591376226 -0.000637067673735187 0.0211732018158657 -0.0237171827384116
"P9" -0.00271201708542957 0.00506049943067497 0.0154412954950379 0.0232138120111425 -0.114921968091541 0.239744801206434 0.0011742411726227 0.0193275537530902 0.0624114165574467
"PO7" 0.00225224056093892 0.000295194523679908 0.020264324140644 0.018307278103385 0.0905689671330115 0.00936096785834786 0.00127371754230941 0.0192858011220145 0.0499649674956797
"PO3" 0.00126208965787763 0.000486437250282663 0.0201139802462174 0.0193383278386224 0.048819789726986 0.0177348544420739 0.000874263454080144 0.0197261540424199 0.0332773220845299
"O1" -6.86652387973441e-05 9.21689954702278e-06 0.0205006458143614 0.0205785279527058 -0.00079603569298887 6.82982094805853e-05 -2.97241696251606e-05 0.0205395868835336 -0.000363868741754142
"Oz" 0.00178129792189473 0.000530147537007098 0.0200263363772993 0.0187751859924117 0.0713787724755819 0.0221361550777807 0.00115572272945092 0.0194007611848555 0.0467574637766813
"POz" 0.000392183261502235 -0.000113295654687865 0.0206688656948126 0.0201633867786225 0.0085833923642794 -0.00195706803820391 0.000139443803407185 0.0204161262367176 0.00331316216303775
"Pz" -6.36347032164348e-05 -4.81834976741307e-05 0.0204367370121168 0.0204521882176591 -0.000800090011344004 -0.000809326063592725 -5.59091004452828e-05 0.020444462614888 -0.000804708037468365
"CPz" -4.25243421065632e-06 -1.10055741067885e-05 0.0204869425977269 0.0204801894578307 -8.32586518892833e-05 8.50913091702072e-06 -7.62900415872242e-06 0.0204835660277788 -3.73747604861313e-05
"Fpz" -0.00270020900108712 -0.00183836136817757 0.0223442727708062 0.0232061204037157 -0.117129605359693 -0.0793766799602313 -0.00226928518463235 0.022775196587261 -0.0982531426599624
"Fp2" -0.000863288185086498 0.000178695472789047 0.0203606215414665 0.021402605199342 -0.0378752955637033 0.00581066523407758 -0.000342296356148726 0.0208816133704042 -0.0160323151648128
"AF8" -0.000641792683286518 -0.000957513410651534 0.0213196684367855 0.0210039477094205 -0.0162808683556762 -0.0382125332066444 -0.000799653046969026 0.021161808073103 -0.0272467007811603
"AF4" -1.08949755534429e-05 -0.000805007455647797 0.0212055893121678 0.0204114768320734 -0.000110650012765962 -0.0305767289548219 -0.00040795121560062 0.0208085330721206 -0.0153436894837939
"AFz" -0.000322650618602564 0.000750058642600981 0.0198664777090562 0.0209391869702597 -0.00863260084534925 0.0286168190542649 0.000213704011999209 0.020402832339658 0.00999210910445782
"Fz" -0.000665685795635955 0.000694030628217094 0.0197857107581728 0.0211454271820259 -0.0209222342451149 0.0266025538861875 1.41724162905698e-05 0.0204655689700993 0.00284015982053631
"F2" 7.95363097749534e-06 0.000122146810561444 0.0203103726146932 0.0204245657942772 7.26471369556896e-05 0.00441129675422609 6.50502207694696e-05 0.0203674692044852 0.00224197194559089
"F4" -0.000104476602514607 0.000520794524633757 0.0200545755782997 0.020679846705448 -0.00143414842661002 0.0191817349964758 0.000208158961059575 0.0203672111418738 0.00887379328493291
"F6" -9.7108242035692e-06 4.12590808489352e-06 0.0206800945362848 0.0206939312685732 -8.25993971099153e-05 -4.90332870131522e-06 -2.79245805933784e-06 0.020687012902429 -4.37513629056153e-05
"F8" 9.4319553184052e-05 -1.30359051134382e-05 0.020469095106531 0.0203617396482335 0.0012106137416236 -8.32495284170896e-05 4.06418240353069e-05 0.0204154173773822 0.000563682106603254
"FT8" 0.000180391254597815 -0.000151115884448423 0.0208229345808501 0.0204914274418038 0.00285841562520698 -0.00274551039013174 1.46376850746959e-05 0.0206571810113269 5.64526175376228e-05
"FC6" -0.000547043829059046 -0.000625617954132307 0.0213098942762126 0.0212313201511393 -0.0152526304714602 -0.022013633636224 -0.000586330891595676 0.0212706072136759 -0.0186331320538421
"FC4" 0.00026655307621045 1.30599682964624e-05 0.0204463704914138 0.0201928773834998 0.00509659129523547 8.81522390095892e-05 0.000139806522253456 0.0203196239374568 0.00259237176712253
"FC2" 0.00113976551330066 0.00128502748544083 0.0192499335762943 0.0193951955484345 0.0463448312311419 0.0539764640691785 0.00121239649937074 0.0193225645623644 0.0501606476501602
"FCz" 0.00105963555139517 0.00227902257675193 0.0182425628787829 0.0194619499041397 0.0422991676234246 0.103405215087881 0.00166932906407355 0.0188522563914613 0.0728521913556528
"Cz" 0.00226392632190737 -0.000540519305658631 0.0211625364316783 0.0183580908041123 0.0990957782664577 -0.0220172434179168 0.000861703508124368 0.0197603136178953 0.0385392674242705
"C2" 6.32685590996562e-06 0.000705435761537529 0.0199577160234748 0.0206568249291023 0.000261390182331691 0.0262951150810195 0.000355881308723747 0.0203072704762886 0.0132782526316756
"C4" 6.25243916922531e-06 -3.19976711028599e-06 0.0204917496304652 0.0204822974241857 7.70345025043595e-05 -3.51940209532291e-05 1.52633602946966e-06 0.0204870235273255 2.09202407755652e-05
"C6" -0.000740283353738278 0.000515982004792136 0.0198958487894088 0.0211521141479392 -0.0251247472452179 0.0167809700742493 -0.000112150674473071 0.020523981468674 -0.00417188858548426
"T8" 0.000209658591565316 -0.000778607535499437 0.0213492726170186 0.0203610064899539 0.00314836189350532 -0.0302351361684227 -0.00028447447196706 0.0208551395534863 -0.0135433871374587
"TP8" -0.000510655225388233 0.000307571233654705 0.0203399849383569 0.0211582113973998 -0.0102753353085676 0.00818294257389634 -0.000101541995866764 0.0207490981678783 -0.00104619636733565
"CP6" 7.1096774450263e-05 0.000619845970199177 0.0198109593038437 0.0203597084995926 0.000919989989660084 0.0218018428262124 0.00034547137232472 0.0200853339017182 0.0113609164079363
"CP4" -0.00098452269580188 0.000801928032664509 0.0197301755173994 0.0215166262458658 -0.0368613033123124 0.0301296991130859 -9.12973315686855e-05 0.0206234008816326 -0.00336580209961324
"CP2" 0.000296664375670413 0.000214071665441393 0.0203861472342607 0.0203035545240316 0.00648335892115644 0.00459298637926859 0.000255368020555903 0.0203448508791461 0.00553817265021251
"P2" -0.00012734194209296 -8.70189224630115e-05 0.0206046930388449 0.0206450160584748 -0.00170695925488961 -0.00134818750821994 -0.000107180432277986 0.0206248545486598 -0.00152757338155477
"P4" 0.000480103988902419 0.00109372617964426 0.0194967012642062 0.0201103234549481 0.017094288211143 0.0444918436620123 0.000786915084273337 0.0198035123595771 0.0307930659365777
"P6" -0.00227622628409178 0.00222949104655768 0.0184770363247257 0.0229827536553752 -0.0985193971919865 0.100205738967594 -2.33676187670518e-05 0.0207298949900504 0.000843170887803932
"P8" 0.00242706426057003 0.00319078696218259 0.0173159733585026 0.0180796960601152 0.101444192351038 0.146940157691867 0.00280892561137631 0.0176978347093089 0.124192175021453
"P10" -0.00234844835388773 -0.000706537369596884 0.0211795772334429 0.0228214882177337 -0.103047012112795 -0.0317361450436489 -0.00152749286174231 0.0220005327255883 -0.0673915785782217
"PO8" -0.00665733472863468 0.00348778588824812 0.0171116247363811 0.0272567453532639 -0.304011340002659 0.162640639612056 -0.00158477442019328 0.0221841850448225 -0.0706853501953014
"PO4" 0.000607731764280934 0.000956005372706899 0.0196141947831117 0.0199624683915377 0.0257434368747388 0.0425205294110556 0.000781868568493917 0.0197883315873247 0.0341319831428972
"O2" -4.19136257399305e-05 0.00262492829344336 0.0179836209670208 0.0206504628862041 -0.00326097167959438 0.120040951224546 0.00129150733385172 0.0193170419266125 0.0583899897724758
