"ACME_control" "ACME_treated" "ADE_control" "ADE_treated" "Prop_Mediated_control" "Prop_Mediated_treated" "ACME_average" "ADE_average" "Prop_Mediated_average"
"Fp1" 0.000123308808277153 -0.000160148766241129 -0.000198391981817855 -0.000481849556336137 -0.132472850460598 0.186110052571182 -1.8419978981988e-05 -0.000340120769076996 0.0268186010552922
"AF7" 4.34429857337946e-05 -0.000160599974700469 -0.000186932600814403 -0.000390975561248666 -0.0459125362686896 0.175657149734914 -5.85784944833371e-05 -0.000288954081031534 0.0648723067331124
"AF3" 0.000109398186867477 -0.000204508631234788 -0.000148311929025015 -0.00046221874712728 -0.109359310878723 0.240509350805222 -4.75552221836552e-05 -0.000305265338076148 0.0655750199632494
"F1" 0.000103727662103153 8.99668930168904e-05 -0.000435085903272458 -0.000448846672358721 -0.106454905353976 -0.0913835731233249 9.68472775600215e-05 -0.00044196628781559 -0.0989192392386503
"F3" 0.000104024785902402 4.2515511047605e-05 -0.000373232900586966 -0.000434742175441763 -0.106602264277317 -0.0401164956041443 7.32701484750033e-05 -0.000403987538014364 -0.0733593799407307
"F5" -8.25517041247779e-06 -1.98757168403655e-05 -0.000314878575616776 -0.000326499122044664 0.00456165627553642 0.0106323223093763 -1.40654436264217e-05 -0.00032068884883072 0.00759698929245634
"F7" 7.06472346025987e-06 3.42740611731219e-06 -0.000342126107628352 -0.0003457634249713 -0.00146682700333875 -0.000659418866519415 5.24606478878603e-06 -0.000343944766299826 -0.00106312293492908
"FT7" 1.45857473975725e-05 -0.000110136231674585 -0.000217048978711792 -0.000341770957783949 -0.00640032387162292 0.116098861647824 -4.7775242138506e-05 -0.000279409968247871 0.0548492688881005
"FC5" 9.18484804244498e-06 -8.78572347359773e-06 -0.000342838635360488 -0.000360809206876531 -0.00225825133547974 0.00275358180144086 1.99562284423626e-07 -0.00035182392111851 0.00024766523298056
"FC3" -4.60258943039195e-06 -5.84792701035132e-06 -0.000343046528600927 -0.000344291866180886 0.00429882927726345 0.00771267420328787 -5.22525822037163e-06 -0.000343669197390906 0.00600575174027566
"FC1" 0.000172780568610606 0.000238994120403273 -0.000580942061497875 -0.000514728509705208 -0.205538427523449 -0.297865102784142 0.00020588734450694 -0.000547835285601541 -0.251701765153796
"C1" 2.10348601005324e-05 4.36489247538826e-05 -0.000378426379143166 -0.000355812314489815 -0.0139952463975689 -0.0379838231857088 3.23418924272075e-05 -0.000367119346816491 -0.0259895347916389
"C3" 9.87286932986893e-06 -0.000104171487625598 -0.000255164578823481 -0.000369208935778948 -0.00814697870465502 0.119233565431324 -4.71493091478644e-05 -0.000312186757301214 0.0555432933633346
"C5" -8.30591851171452e-05 -0.000183737176627662 -0.000168558733507785 -0.000269236725018302 0.0725899976881924 0.223396773958202 -0.000133398180872404 -0.000218897729263043 0.147993385823197
"T7" 3.69823288483051e-05 -6.34492464103232e-05 -0.000287243557580658 -0.000387675132839286 -0.0343110185716294 0.0658591204521031 -1.32334587810091e-05 -0.000337459345209972 0.0157740509402369
"TP7" -4.28298632723144e-05 -5.11094505993018e-05 -0.000300036721455337 -0.000308316308782325 0.0348981228347712 0.0510157702954071 -4.69696569358081e-05 -0.000304176515118831 0.0429569465650892
"CP5" 9.66654760986039e-05 -0.000177698097623281 -0.00016127612937018 -0.000435639703092065 -0.0905343068510967 0.217705704636912 -4.05163107623383e-05 -0.000298457916231123 0.0635856988929075
"CP3" 7.1507678776045e-05 -9.07937602941773e-05 -0.000275200137689956 -0.000437501576760178 -0.0621351935538204 0.0959646944469358 -9.64304075906619e-06 -0.000356350857225067 0.0169147504465577
"CP1" -6.69045557379573e-05 7.20007434166631e-05 -0.000423947837895638 -0.000285042538741017 0.0569525697939585 -0.0663393815485947 2.54809383935289e-06 -0.000354495188318328 -0.00469340587731809
"P1" 3.31480019887261e-05 -0.000345862736732022 -0.000180374711586156 -0.000559385450306904 -0.0278770099579584 0.386289989274817 -0.000156357367371648 -0.00036988008094653 0.179206489658429
"P3" -5.83915274976408e-05 -8.46939283801913e-05 -0.000259018738787979 -0.00028532113967053 0.0462779128948849 0.0909232817589424 -7.1542727938916e-05 -0.000272169939229254 0.0686005973269136
"P5" -0.000194774163838513 -0.000173928148361963 -0.000164228209852271 -0.000143382194375721 0.247056892510717 0.228112034146469 -0.000184351156100238 -0.000153805202113996 0.237584463328593
"P7" -0.000242511744114387 -0.000303255612115574 -4.34599590910054e-05 -0.000104203827092193 0.263408830967092 0.398272251441363 -0.000272883678114981 -7.38318930915993e-05 0.330840541204228
"P9" -0.000421788256628793 -5.92162296976044e-05 -0.000282056450166328 8.05155767648602e-05 0.474595456801322 0.0565446875940155 -0.000240502243163199 -0.000100770436700734 0.265570072197669
"PO7" -0.00072421760058407 -0.000249911207777567 -9.29965860444415e-05 0.000381309806762062 0.877398994634233 0.299520752964751 -0.000487064404180819 0.00014415661035881 0.588459873799492
"PO3" -0.000386759552207054 -0.000189243257589988 -0.000151397441231937 4.61188533851295e-05 0.475868962769445 0.243632144584155 -0.000288001404898521 -5.26392939234036e-05 0.3597505536768
"O1" 6.00953753117449e-05 2.20443675889517e-05 -0.000377548034188575 -0.000415599041911369 -0.0503209383892705 -0.00949011459272864 4.10698714503483e-05 -0.000396573538049972 -0.0299055264909996
"Oz" -6.880249787734e-05 -1.90905179140587e-05 -0.000314322001192936 -0.000264610021229655 0.0609627041532593 0.0162951344424431 -4.39465078956993e-05 -0.000289466011211295 0.0386289192978512
"POz" 8.07453334206135e-05 0.000109645191888688 -0.000452104748880658 -0.000423204890412584 -0.0818649400078666 -0.0990349221573772 9.51952626546508e-05 -0.000437654819646621 -0.0904499310826219
"Pz" -2.15965852642762e-06 6.77280861046018e-06 -0.000364250030565605 -0.000355317563428717 0.000513064822543809 -0.0014521205857773 2.30657504201628e-06 -0.000359783796997161 -0.000469527881616747
"CPz" -2.9985072382289e-05 2.76630779243692e-05 -0.000374573642272609 -0.00031692549196595 0.0162829102297772 -0.013459637718626 -1.16099722895991e-06 -0.00034574956711928 0.00141163625557558
"Fpz" 8.53472303120615e-05 -0.000123065038096261 -0.000231817505867883 -0.000440229774276206 -0.0878056599856605 0.131380508085027 -1.88589038920999e-05 -0.000336023640072045 0.0217874240496832
"Fp2" 0.000129204007888 0.000103154411088237 -0.000445171190354024 -0.000471220787153787 -0.133357145522897 -0.1003250418324 0.000116179209488118 -0.000458195988753905 -0.116841093677649
"AF8" 4.67230576488653e-05 -8.80461110875886e-05 -0.000261583748682092 -0.000396352917418546 -0.0455197456218855 0.0911418362145141 -2.06615267193617e-05 -0.000328968333050319 0.0228110452963143
"AF4" 0.000274801847129716 -0.000243044308574441 -7.21611507080633e-05 -0.00059000730641222 -0.303246406131818 0.270226619412036 1.58787692776375e-05 -0.000331084228560142 -0.0165098933598908
"AFz" 7.02886988791357e-05 6.13142226016425e-05 -0.000400735242482377 -0.00040970971875987 -0.0676442568390666 -0.0604634461831474 6.58014607403891e-05 -0.000405222480621124 -0.064053851511107
"Fz" 0.000142153704128332 0.000161076332927562 -0.000509870189470698 -0.000490947560671468 -0.160216001542981 -0.18609735083489 0.000151615018527947 -0.000500408875071083 -0.173156676188936
"F2" 0.000118676555336603 2.94672694613063e-05 -0.000362624641883236 -0.000451833927758533 -0.129975129459575 -0.0243749243091925 7.40719123989547e-05 -0.000407229284820884 -0.0771750268843836
"F4" 8.42496298015417e-05 -4.52635398164429e-05 -0.000285451739142151 -0.000414964908760136 -0.0783463816274294 0.0407425193761932 1.94930449925494e-05 -0.000350208323951144 -0.0188019311256181
"F6" 0.000102576815382568 5.71122795228633e-05 -0.000394012388891842 -0.000439476924751547 -0.106001546972082 -0.0565491545896144 7.98445474527157e-05 -0.000416744656821695 -0.0812753507808485
"F8" 9.64823486162151e-05 8.59076593736858e-05 -0.000432052773115924 -0.000442627462358454 -0.0994275063898137 -0.0862461323496971 9.11950039949505e-05 -0.000437340117737189 -0.0928368193697554
"FT8" -5.55120259672053e-05 -1.80198861994858e-05 -0.000325827495209106 -0.000288335355441386 0.0593136153745783 0.0094300135135475 -3.67659560833455e-05 -0.000307081425325246 0.0343718144440629
"FC6" -5.38261495099536e-05 6.73051520485863e-06 -0.000329350816324031 -0.000268794151609219 0.0422032729352919 -0.00218255479258989 -2.35478171525475e-05 -0.000299072483966625 0.020010359071351
"FC4" 2.65821538891172e-06 2.45825710910076e-06 -0.000349621076042864 -0.000349821034322675 0.000732878712921546 0.00061494296023411 2.55823624900624e-06 -0.00034972105518277 0.000673910836577828
"FC2" 0.000124860643473774 0.000148914057907166 -0.000488493264455024 -0.000464439850021632 -0.142380747726082 -0.1670303917447 0.00013688735069047 -0.000476466557238328 -0.154705569735391
"FCz" 7.7426598885741e-05 7.52046306476435e-05 -0.000412870553916955 -0.000415092522155052 -0.0818132798878021 -0.078483196868144 7.63156147666923e-05 -0.000413981538036004 -0.0801482383779731
"Cz" -4.65067133049647e-05 0.000137740444684371 -0.000495928611318882 -0.000311681453329547 0.0458861046137196 -0.154731793906393 4.56168656897032e-05 -0.000403805032324214 -0.0544228446463368
"C2" -7.58577934801109e-05 1.28513029756551e-05 -0.000361977713754839 -0.000273268617299073 0.0759541386168843 -0.00994021251987064 -3.15032452522279e-05 -0.000317623165526956 0.0330069630485068
"C4" 2.59586536850713e-05 -3.86549948002261e-05 -0.000329651864797033 -0.000394265513282331 -0.0123111281043426 0.0318611689989714 -6.34817055757737e-06 -0.000361958689039682 0.0097750204473144
"C6" -3.2198231646305e-05 -6.43302386995255e-05 -0.000292421869190133 -0.000324553876243353 0.0231958589331978 0.0621258563278728 -4.82642351729152e-05 -0.000308487872716743 0.0426608576305353
"T8" 6.71268198480358e-05 6.16394255849426e-05 -0.000409855070190776 -0.000415342464453869 -0.0615989490454845 -0.0400686334665795 6.43831227164892e-05 -0.000412598767322323 -0.050833791256032
"TP8" -0.000161961555522164 -2.27559104846997e-05 -0.000321758109289046 -0.000182552464251582 0.167939200773051 0.0238106781777492 -9.23587330034319e-05 -0.000252155286770314 0.0958749394754002
"CP6" -6.77094587035977e-05 -8.22713722738628e-05 -0.000262658179283342 -0.000277220092853607 0.0618245993726128 0.0905951052381911 -7.49904154887303e-05 -0.000269939136068474 0.076209852305402
"CP4" 1.51912281581784e-05 -6.69338187828536e-05 -0.00027358472569154 -0.000355709772632572 -0.00592505302850349 0.0636518820109719 -2.58712953123376e-05 -0.000314647249162056 0.0288634144912342
"CP2" -5.51833299646783e-05 4.41198601437374e-05 -0.000393341349353846 -0.00029403815924543 0.0461674387760268 -0.0344346393008409 -5.53173491047044e-06 -0.000343689754299638 0.00586639973759296
"P2" -4.1548324557087e-05 6.02018480106994e-05 -0.000497895794864211 -0.000396145622296424 0.0318172517652571 -0.0526582366569895 9.32676172680624e-06 -0.000447020708580317 -0.0104204924458662
"P4" -5.08846966296284e-05 -0.000154531162859504 -0.000203933112948828 -0.000307579579178704 0.0462351376032403 0.191166124063757 -0.000102707929744566 -0.000255756346063766 0.118700630833499
"P6" 2.31640090813726e-05 -0.000105790070575176 -0.000243069053982329 -0.000372023133638878 -0.0269634695675093 0.11739095479662 -4.13130307469018e-05 -0.000307546093810603 0.0452137426145554
"P8" -7.80981068781096e-05 -0.000122577581516631 -0.000226092670634982 -0.000270572145273504 0.0740123835868492 0.148243795307716 -0.00010033784419737 -0.000248332407954243 0.111128089447283
"P10" -3.63521399097467e-05 1.21661211218528e-05 -0.000345322378438468 -0.000296804117406869 0.0255871610538165 -0.00346718716363393 -1.2093009393947e-05 -0.000321063247922668 0.0110599869450913
"PO8" -0.000210316522841014 -0.00011847821932038 -0.000227738619742425 -0.000135900316221791 0.23069601337552 0.140443411553071 -0.000164397371080697 -0.000181819467982108 0.185569712464296
"PO4" -0.000149935275566759 -0.000100161919702267 -0.000240284458174211 -0.000190511102309719 0.164118332633647 0.108161101126039 -0.000125048597634513 -0.000215397780241965 0.136139716879843
"O2" -7.16847915188006e-05 -7.621607947973e-05 -0.000268504439571147 -0.000273035727532076 0.0711036888654451 0.074478067552877 -7.39504354992653e-05 -0.000270770083551611 0.072790878209161
