"ACME_control" "ACME_treated" "ADE_control" "ADE_treated" "Prop_Mediated_control" "Prop_Mediated_treated" "ACME_average" "ADE_average" "Prop_Mediated_average"
"Fp1" 0.8522 0.8722 0.0986 0.0912 0.8754 0.8846 0.9638 0.0946 0.975
"AF7" 0.6568 0.4376 0.1094 0.102 0.6856 0.4904 0.4328 0.1048 0.4864
"AF3" 0.9736 0.3546 0.0726 0.0864 0.98 0.411 0.5936 0.0782 0.626
"F1" 0.0108 0.3944 0.0862 0.2774 0.1198 0.4706 0.149 0.162 0.242
"F3" 0.641 0.7484 0.0856 0.1248 0.6722 0.7704 0.8626 0.0984 0.877
"F5" 0.6224 0.3728 0.0838 0.087 0.6604 0.44 0.4032 0.0836 0.468
"F7" 0.6076 0.4652 0.1326 0.1416 0.6388 0.5188 0.4318 0.1356 0.4878
"FT7" 0.851 0.078 0.2688 0.148 0.86 0.1554 0.302 0.1838 0.3554
"FC5" 0.6192 0.9002 0.113 0.0832 0.6666 0.914 0.7474 0.0948 0.774
"FC3" 0.1026 0.9102 0.1082 0.4272 0.201 0.9218 0.2064 0.228 0.2948
"FC1" 0.5318 0.6772 0.1204 0.1546 0.5772 0.7102 0.4936 0.133 0.5422
"C1" 0.5282 0.9782 0.0922 0.1322 0.5716 0.9768 0.6314 0.1086 0.6576
"C3" 0.4446 0.8876 0.096 0.0626 0.5004 0.8982 0.4984 0.071 0.5514
"C5" 0.1484 0.097 0.2506 0.3178 0.2234 0.174 0.049 0.274 0.1352
"T7" 0.3334 0.254 0.2072 0.3136 0.3946 0.3272 0.193 0.2442 0.2718
"TP7" 0.4734 0.2016 0.1158 0.107 0.5152 0.2706 0.2232 0.1098 0.2918
"CP5" 0.0688 0.268 0.0816 0.1872 0.1636 0.3432 0.3692 0.1232 0.4324
"CP3" 0.863 0.187 0.1242 0.0898 0.881 0.2594 0.5344 0.1064 0.5748
"CP1" 0.9208 0.3278 0.0756 0.095 0.9246 0.388 0.603 0.0852 0.6384
"P1" 0.7346 0.6304 0.0858 0.1054 0.7672 0.6666 0.9232 0.0956 0.931
"P3" 0.8886 0.936 0.101 0.1048 0.8884 0.9338 0.8856 0.1004 0.8858
"P5" 0.6082 0.7016 0.1162 0.0936 0.6772 0.7566 0.6082 0.1042 0.6772
"P7" 0.1988 0.5532 0.0838 0.2584 0.2772 0.6016 0.4654 0.145 0.5222
"P9" 0.0022 0.3118 0.1512 0.3934 0.1154 0.3826 0.0036 0.246 0.1168
"PO7" 0.882 0.9788 0.1248 0.1174 0.9096 0.9868 0.8896 0.1194 0.9184
"PO3" 0.5684 0.697 0.1206 0.1572 0.6116 0.733 0.5848 0.1366 0.6276
"O1" 0.6522 0.9302 0.1 0.0906 0.693 0.9374 0.6838 0.0946 0.7206
"Oz" 0.9222 0.623 0.1116 0.0982 0.9296 0.6612 0.7006 0.103 0.7336
"POz" 0.3254 0.4074 0.0748 0.0702 0.3882 0.4658 0.2848 0.073 0.3524
"Pz" 0.059 0.2896 0.0918 0.2022 0.1644 0.3698 0.2958 0.1382 0.3748
"CPz" 0.8178 0.4516 0.0772 0.1058 0.8372 0.5094 0.5642 0.0846 0.6092
"Fpz" 0.5502 0.4356 0.0848 0.1134 0.5922 0.4956 0.9662 0.0968 0.9778
"Fp2" 0.816 0.5734 0.1194 0.1026 0.837 0.6108 0.762 0.111 0.773
"AF8" 0.4066 0.6874 0.1062 0.141 0.4606 0.7238 0.3738 0.119 0.4362
"AF4" 0.4858 0.7796 0.1022 0.1262 0.5362 0.7972 0.5672 0.1138 0.6108
"AFz" 0.508 0.4744 0.0944 0.134 0.5702 0.5402 0.9532 0.1114 0.9538
"Fz" 0.0518 0.3562 0.0834 0.2136 0.1482 0.425 0.349 0.1322 0.4166
"F2" 0.0712 0.569 0.1232 0.1908 0.1694 0.6052 0.1 0.1518 0.1974
"F4" 0.9256 0.4806 0.12 0.1 0.9356 0.5386 0.7588 0.1066 0.7776
"F6" 0.427 0.401 0.1244 0.1496 0.4784 0.4508 0.2904 0.1342 0.3494
"F8" 0.2428 0.6792 0.114 0.196 0.3236 0.7092 0.2424 0.1458 0.3252
"FT8" 0.286 0.3764 0.1214 0.1494 0.3474 0.4318 0.194 0.1328 0.2678
"FC6" 0.547 0.0132 0.267 0.1558 0.588 0.111 0.0772 0.1976 0.169
"FC4" 0.3192 0.3616 0.119 0.1346 0.3796 0.422 0.2204 0.1264 0.2912
"FC2" 0.4636 0.6452 0.0826 0.1208 0.52 0.6832 0.795 0.0978 0.8154
"FCz" 0.8836 0.9094 0.0938 0.0902 0.9012 0.9178 0.9592 0.0894 0.9652
"Cz" 0.1158 0.8702 0.1106 0.0658 0.2074 0.8822 0.2664 0.0842 0.338
"C2" 0.5546 0.809 0.0964 0.0808 0.5984 0.8304 0.761 0.0878 0.7808
"C4" 0.9086 0.5694 0.0812 0.1034 0.9244 0.6048 0.809 0.0912 0.818
"C6" 0.115 0.9094 0.1032 0.0634 0.2064 0.922 0.214 0.0796 0.2954
"T8" 0.249 0.107 0.1688 0.1394 0.3206 0.1946 0.1088 0.151 0.1964
"TP8" 0.9174 0.5386 0.106 0.0912 0.9304 0.584 0.8068 0.0976 0.8226
"CP6" 0.2488 0.4582 0.1232 0.1978 0.3208 0.5082 0.1826 0.1466 0.259
"CP4" 0.44 0.2048 0.075 0.1404 0.5042 0.2882 0.9462 0.1004 0.9516
"CP2" 0.4382 0.1032 0.0518 0.207 0.5014 0.204 0.7564 0.104 0.782
"P2" 0.6466 0.7266 0.1114 0.1294 0.6764 0.7504 0.7958 0.1196 0.8056
"P4" 0.1504 0.8844 0.094 0.1426 0.2304 0.8856 0.2024 0.1166 0.276
"P6" 0.0308 0.0206 0.055 0.6772 0.1714 0.1612 0.3206 0.2514 0.4292
"P8" 0.8128 0.474 0.0834 0.1314 0.8346 0.5258 0.8764 0.1004 0.8902
"P10" 0.2294 0.228 0.249 0.4892 0.3058 0.302 0.1286 0.34 0.2138
"PO8" 0.6156 0.744 0.1142 0.139 0.6548 0.7692 0.588 0.122 0.6288
"PO4" 0.0174 0.4752 0.137 0.3224 0.129 0.5292 0.0284 0.217 0.1396
"O2" 0.907 0.4808 0.1372 0.1026 0.926 0.5298 0.8094 0.1162 0.8164
